# The modifications of the output file from Kalibr:
# 1. For each matrix (e.g. cam0/T_cam_imu), remove the brackets and minus sign for each line. Use one pair of brackets for each matrix.
# 2. Add the T_imu_body at the end of the calibration file (usually set to identity).
cam0:
  T_cam_imu:
    [0.014865542981794,   0.999557249008346,  -0.025774436697440,   0.065222909535531,
    -0.999880929698575,   0.014967213324719,   0.003756188357967,  -0.020706385492719,
     0.004140296794224,   0.025715529947966,   0.999660727177902,  -0.008054602460030,
                     0,                   0,                   0,   1.000000000000000]
  camera_model: pinhole
  distortion_coeffs: [-3.0803062161957084e-01,  8.3487670591387161e-02, -7.3109575503709556e-05, -1.3285231720891767e-03]
  distortion_model: radtan
  intrinsics: [3.6401748092027668e+02, 3.6417746726496523e+02, 3.7559636500280993e+025, 2.4903879600712332e+02]
  resolution: [752, 480]
  timeshift_cam_imu: 0.0

cam1:  # 是eurocMH01中的T_BS 的逆矩阵
  T_cam_imu:
    [-0.0030 ,   1.0000,    0.0046,    0.0456,
     -1.0000 ,  -0.0030,   -0.0011,    0.0008,
     -0.0011 ,  -0.0046,    1.0000,   -0.0177,
     0       ,  0      ,    0     ,    1.0000]

  T_cn_cnm1:
    [-0.0012,    0.9999,   -0.0116,   -0.0760,
     -1.0000,   -0.0013,   -0.0079,    0.0004,
     -0.0079,    0.0116,    0.9999,   -0.0155,
     0      ,   0      ,   0      ,    1.0000]

  camera_model: pinhole
  distortion_coeffs: [-2.9837705601814912e-01,7.5700979548022657e-02,1.7530605999019629e-04,-5.4284812981307030e-04]
  distortion_model: radtan
  intrinsics: [3.6509624680337657e+02,3.6582107844466208e+02,3.7731877674972537e+02,2.3804064937753677e+02,]

  resolution: [752, 480]
  timeshift_cam_imu: 0.0
T_imu_body:
  [1.0000, 0.0000, 0.0000, 0.0000,
   0.0000, 1.0000, 0.0000, 0.0000,
   0.0000, 0.0000, 1.0000, 0.0000,
   0.0000, 0.0000, 0.0000, 1.0000]

